Var1 Var2 Var3
1.44207587271361 0.0232338115794249 151.138258166667
1.39027874910719 0.0218304931830517 151.154917066667
1.48176710656607 0.0237724495233521 151.171574766667
1.25546497074573 0.0206526507526711 151.188233666667
1.5483807587008 0.0231691147836626 151.204894566667
1.47069527072857 0.0212131948036143 151.221543766667
0.984416842181547 0.0192107593872079 151.238202866667
1.01129142111458 0.0210054040346045 151.254856166667
1.01231458286185 0.0191592302404832 151.271521766667
1.45882396855605 0.0218508986700704 151.292076166667
1.36192671758205 0.0206014991445265 151.304992366667
1.31164443028382 0.0190175644033364 151.321538266667
1.06168913905158 0.0211341181882602 151.338151366667
1.17177259863607 0.0231640906397758 151.354815566667
1.06990508939472 0.0222570153477949 151.371482666667
1.27970741557962 0.0244927424887359 151.388121866667
1.09486534825238 0.0241459703712038 151.404795966667
1.17459462673853 0.0216078809823387 151.421457166667
0.946808944740849 0.0216702874049068 151.438103166667
1.30985552354725 0.020914646000986 151.454767866667
1.29789929901481 0.0188741077697855 151.471417666667
1.57138810052833 0.0173075378685212 151.488070966667
1.67816604270736 0.0217502261549448 151.504740366667
1.33065084754641 0.0206449505575263 151.521400366667
1.27605707507062 0.0205308577450761 151.538049866667
1.33834947185239 0.0201713613383774 151.554682366667
1.30704055514201 0.0219286999258402 151.571364666667
1.16286759676621 0.0221911481725042 151.588024466667
1.28880400136788 0.0236068912259907 151.604681266667
1.38089708754359 0.0212531053823657 151.621343066667
1.26494218604638 0.0235796690585524 151.638005166667
1.39391397596469 0.0218041836725777 151.654658466667
1.33260966555619 0.0227931759908695 151.671338166667
1.20985038125127 0.0228319443349127 151.687974366667
1.48730197168167 0.0207330362311571 151.704626866667
1.45187596533579 0.0210034066588365 151.721280166667
1.14999679769599 0.021493200412073 151.737951566667
1.1795328992934 0.0209482449844759 151.754596666667
1.44290671387755 0.0207058691916875 151.771266966667
0.887768982525081 0.0231003148794843 151.787924366667
1.56417399772365 0.022144781431273 151.804582066667
1.23421444699546 0.0206460851130825 151.821230966667
1.49986832884598 0.0208493534418477 151.837889866667
1.48008854724421 0.0213516941241192 151.854553366667
1.22640966599016 0.019919701170289 151.871210766667
1.23477177494165 0.0202793529843641 151.887923366667
1.37525621145827 0.0219243145077537 151.904554366667
1.4534905868686 0.0184101430862555 151.921186466667
1.35258874798103 0.0211994425532924 151.937843366667
1.40016444782512 0.0236818654781684 151.954503666667
1.28604461217449 0.0227412593417482 151.971165766667
1.34532695735746 0.0209236168770812 151.987819066667
1.46152689059339 0.0213859282625475 152.004466466667
1.4358482683838 0.0222959807858043 152.021125966667
0.910091241609946 0.0207895597186398 152.037789466667
1.9717529836999 0.0214784141179261 152.054442166667
5.05542943469453 0.0174496748953456 152.071107266667
8.56871476763666 0.0153967459785085 152.087758766667
9.06798378154308 0.0181977596934215 152.104423166667
8.61525407413824 0.0155625508618451 152.121075066667
9.37817926824484 0.0187219470130752 152.137778466667
9.36914052406341 0.0208013484486935 152.154400666667
9.64355003669589 0.0233605219394768 152.171055166667
9.31731224152499 0.0213418484136398 152.187721666667
8.95088181842285 0.016798832583848 152.205588966667
8.57996058455161 0.0170345588952128 152.221002666667
8.98717980066506 0.0184005422426642 152.237679766667
8.99820458487157 0.0209241745652887 152.254337166667
9.05208481492412 0.0170150300872545 152.271004866667
9.2044676365027 0.0213236129948473 152.287664266667
8.4221232978687 0.0172210855134961 152.304319366667
9.25626765512059 0.0184412987095351 152.320979066667
9.29472630800674 0.0211342494195531 152.337630066667
9.25894372556679 0.0116218909384911 152.354284466667
5.62287290508118 0.0212957940342713 152.370950666667
2.46737726400321 0.0334776261023789 152.387609866667
1.36853279172051 0.0321445820278887 152.404261966667
1.16779771070983 0.0334624271935831 152.420925566667
1.07411933480084 0.031074034435334 152.437580266667
1.28016381174175 0.0298199586773397 152.456786866667
1.79188045093524 0.0298901354939001 152.470939966667
1.56071752559316 0.0304969256359908 152.487560366667
1.65215446904468 0.0290299898317544 152.504218366667
1.47437154832623 0.0306826787609661 152.520875166667
0.926951068186357 0.0331470267762039 152.537531766667
1.06873800057947 0.0279579895871658 152.554190866667
1.3847671561236 0.0285095607207307 152.570842166667
1.19978006796533 0.0272764135342292 152.587498066667
1.18490928987325 0.0305610961687384 152.604161366667
1.50928662232125 0.0272623829208263 152.620821666667
1.37177350245585 0.0288931961450002 152.637478166667
1.38546405634283 0.0280627883914198 152.654129466667
1.14676116133068 0.0275986565943272 152.670794166667
1.43772308966677 0.0295769146941995 152.687445666667
1.21316861723933 0.0297247927673795 152.704103066667
1.50561521135759 0.0291621427195781 152.720763966667
0.791123445342299 0.0292909440555209 152.737417566667
0.599534643954096 0.0297705439248827 152.754077966667
0.698156551600342 0.031984306770017 152.770732066667
0.784121561450535 0.031299179446327 152.787394766667
0.631430643046842 0.03040129585281 152.804048966667
0.917541736481353 0.0279824261608113 152.820723366667
0.668604402290235 0.0284377133733789 152.837362866667
0.579697010391937 0.0276491784325745 152.854029966667
0.84289613210786 0.0255090921811947 152.870680566667
0.734291827441037 0.0278873287117219 152.887340666667
0.985945875749843 0.0275606828242188 152.903995666667
0.763862786635611 0.0288944013306788 152.920661066667
1.05953675674135 0.0299155242898802 152.937313166667
1.22710398160719 0.0292034587700761 152.953997566667
1.54900890567031 0.025131971061702 152.970632666667
1.54126523574879 0.0236845091107932 152.987300266667
1.15271343308016 0.0268602971310196 153.003945966667
0.871985181698671 0.0271448985314071 153.020605966667
1.17196703926546 0.0295931529718528 153.037256066667
1.62058787712035 0.0274563491116636 153.053931366667
0.857201728551446 0.026849683766407 153.070576766667
1.30923910128353 0.0265880534710514 153.087244066667
1.25721885592222 0.0269324598183473 153.103886866667
1.17115535353504 0.0251408338570115 153.120551266667
1.1172257968746 0.0259382392136756 153.137204866667
0.788813313369585 0.0249267266399473 153.153874566667
1.29312070585751 0.0250051427872924 153.170522366667
0.903238432117649 0.0273274663630647 153.187184966667
1.51933574891454 0.0254261115241318 153.203836866667
1.09410722773574 0.0262349943084001 153.220509166667
1.30901737655523 0.0263465616972498 153.237154266667
0.735687319605642 0.0286963662821415 153.253824266667
1.06945968637062 0.0269384049317832 153.270470266667
0.813462328698967 0.0271075649899422 153.287145266667
1.08385361879733 0.0259022263234119 153.303785966667
1.05358948539969 0.0287878321303874 153.320460666667
0.999702336266418 0.0256333747728574 153.337101866667
1.07518213967956 0.0293589378932084 153.353765166667
1.48799644572815 0.0269041869986496 153.370418466667
1.49024688342665 0.0285242046713733 153.387089966667
1.17228498704264 0.0263856631193134 153.403732066667
1.70772911789802 0.0278034708739797 153.420398566667
1.08319886644953 0.029893163531792 153.437048666667
0.875922848659379 0.0286898284098999 153.453711866667
0.928299077552622 0.0270219551950495 153.470371366667
1.04679057887876 0.030626231442553 153.487031066667
0.968465972935013 0.0253019606834435 153.503685866667
0.966430848315784 0.0314465413983685 153.520346766667
1.20152044488579 0.0289641100615277 153.537002466667
1.01825817667076 0.0316634729097059 153.553664266667
1.47378905189622 0.0276973149932157 153.570316366667
1.52491994175322 0.0250594089430023 153.586977566667
1.34524870258971 0.0300234742172377 153.603632566667
1.69363696507374 0.028214518242489 153.620295866667
1.78098721324732 0.0289956332665888 153.636946866667
1.27040589771658 0.028849751518229 153.653610366667
1.65256577775014 0.0265965744969461 153.670264266667
1.52224546400024 0.0248525421723624 153.686927266667
1.05661712794566 0.0242984343367238 153.703581066667
1.30925316424619 0.0275709962970658 153.720249666667
1.31225831391081 0.0271727144655738 153.736906766667
1.33260740053803 0.025982642900771 153.753567966667
1.32830403747036 0.0297201798862348 153.770208066667
1.14690908873383 0.0337518099180218 153.786884266667
1.29638423706031 0.0321113217471211 153.803526366667
1.20485166803461 0.032413201179695 153.820188766667
1.33506047268099 0.0301292144671751 153.836842066667
1.89600102703393 0.0279204933522304 153.853503566667
1.54311546526221 0.025411400899798 153.870159766667
1.3760026001682 0.026880640919648 153.886818666667
1.57203732152888 0.0307855742240084 153.903472866667
1.75769792857983 0.0277612154532043 153.920141366667
1.44524948828245 0.0234129692930933 153.936789666667
1.07050182840281 0.0273549585763644 153.953461766667
1.31951996816088 0.027443789012941 153.970125366667
1.32039505392142 0.0264150276706112 153.986785066667
1.4806140269175 0.0259944669175746 154.003435766667
0.894374513671857 0.0313855885953537 154.020101966667
-2.29547751603316 0.0235182877847339 154.036754666667
-5.47932082492655 0.0277642403198761 154.053402966667
-5.84121172412242 0.0265415745624997 154.070057966667
-5.5684610190437 0.0256061657936981 154.086721266667
-4.84613130043141 0.0267013684802265 154.103373366667
-5.14955871115633 0.0256542359118493 154.120049866667
-5.43811228600656 0.0217498280877489 154.136706966667
-5.55177748670791 0.0208055642455736 154.153366066667
-5.61006224482048 0.0248848981243601 154.170023466667
-6.22171141429081 0.0221791067677364 154.186667666667
-5.97398999586498 0.0218067094389767 154.203325366667
-6.01418862659714 0.0246065071097781 154.220017966667
-5.50671656360451 0.0234939590854612 154.236647866667
-5.72639781932136 0.0223460961808252 154.253297066667
-5.66683771209659 0.0233132672612026 154.269965266667
-5.890942129119 0.0165494675183678 154.286614466667
-5.88754112124428 0.0181450201808265 154.303267466667
-6.05400554537186 0.0195829753831656 154.319945066667
-6.03698910306378 0.0180831212255484 154.336586666667
-6.05626210248296 0.0184241281819745 154.353248466667
-6.33251004928388 0.0182501183275264 154.370932466667
-6.02146869927595 0.0213951828569457 154.386562666667
-5.77268527207884 0.0180192509436141 154.403219466667
-6.26261175301233 0.0182245718822602 154.422999066667
-6.48527109843188 0.0203821972123209 154.436534566667
-6.20020627724578 0.0203627537226968 154.453205766667
-4.11192352756568 0.023812999927031 154.469848466667
0.00170399446904025 0.0305128192730248 154.486513566667
1.76080433584794 0.030584234065252 154.503164466667
1.13537406102549 0.0300878630794532 154.522007466667
1.19198909804249 0.0298763949867683 154.536497166667
1.45034443469661 0.027827955072973 154.553141066667
1.38629267321161 0.0260870555259056 154.569795866667
1.16507004232235 0.0289915090677171 154.586474366667
1.60926719039221 0.0302635836233114 154.603110966667
1.38051974682803 0.0265400239801665 154.619772766667
1.6825782668391 0.0266569242362376 154.636426066667
1.18668141104902 0.0279700816126711 154.653097166667
0.876424305538043 0.0356007772644291 154.669759266667
2.47031738602593 0.0302471148042748 154.686428966667
1.2889909173926 0.0284892885438152 154.703063566667
1.11688449486133 0.024864176920099 154.719720666667
0.860558571731651 0.0287732996082783 154.736375966667
1.49019577719673 0.0287778493847064 154.753041266667
1.62036608707135 0.0257620155307172 154.769689666667
0.779144777987152 0.0267337177470397 154.786351466667
0.739149843843689 0.027526195000458 154.803005266667
0.53236800218625 0.0290679655850414 154.819668866667
0.59485673156854 0.00299582510567779 154.836322766667
-0.138944407232869 -0.0438913204235411 154.852996866667
-0.732830601187289 -0.0869892009802035 154.869638666667
-0.265226239359395 -0.106848435807852 154.886300766667
0.214727611726449 -0.104737294894411 154.902956466667
1.22179737675382 -0.102943582413728 154.919615866667
-0.122419086429176 -0.103025557260701 154.936272666667
1.87042192234816 -0.114518422527977 154.952934466667
0.519448285054357 -0.102469885530167 154.969588066667
0.0725550475995515 -0.100379648541969 154.986250766667
0.501638260230941 -0.106004709460854 155.002905866667
-0.608242243905039 -0.109596649542769 155.019566466667
1.14114168097636 -0.107055485426958 155.037316166667
-0.667691279721959 -0.129386792154324 155.052908866667
0.0136096765628111 -0.130196796728495 155.069545666667
0.258366559742455 -0.122875084884515 155.087561966667
1.14152801998974 -0.133976994079466 155.102865466667
-0.357955960699366 -0.130653732251227 155.119529966667
0.0495616626355663 -0.124462967917512 155.136178866667
0.404813717061115 -0.131824239702104 155.152838566667
0.409955979144951 -0.124872748481531 155.169502166667
1.06610792752405 -0.130438205087399 155.186162166667
0.688393214566962 -0.126458895656521 155.202814266667
0.419752803482378 -0.129571714338894 155.219471966667
-0.0114512791034245 -0.132722656332572 155.236125266667
0.824407824788943 -0.124718082520411 155.252804666667
1.49822747842242 -0.13584185429088 155.269445066667
-0.0695198803091515 -0.124938211877109 155.286103966667
0.486875213981109 -0.128031358521295 155.302756966667
-0.568807906643563 -0.127958480402297 155.319427766667
-0.339329016432639 -0.124465065850177 155.336073466667
0.255330995137621 -0.123510855871493 155.352736466667
-0.549548643519498 -0.127653004740844 155.369391266667
-0.547668473506067 -0.127011883107009 155.386052466667
-0.331887125805045 -0.119569454566774 155.402708966667
-0.938325911645102 -0.125032426169139 155.419364566667
-0.828812066785682 -0.126439005218143 155.436026066667
-0.277881893306383 -0.125937338448681 155.452684066667
-0.25915341359911 -0.121689635961681 155.469335066667
-0.310361224427758 -0.137019650161392 155.485999766667
0.344936086977094 -0.129904606069546 155.502654566667
0.574948587652788 -0.129744664770547 155.519314866667
1.33771843390117 -0.128924285943202 155.535976966667
0.00691625545507995 -0.130398358036709 155.552629366667
0.0374148333047486 -0.110356341524845 155.569284966667
-1.07510592648948 -0.126498235256878 155.585948266667
0.854920834184004 -0.127580277621394 155.602600366667
0.0643026268182522 -0.117681625493031 155.619262166667
-0.546509283085838 -0.110678967333396 155.635917266667
-0.0579716824732658 -0.055159259963666 155.652580266667
0.439320491803818 -0.00624000105351883 155.669243466667
0.85016650797629 0.0172345077060589 155.685891166667
0.676096103534766 0.00998590283530649 155.702555666667
0.264999620313232 0.0117738900497444 155.719215366667
0.763559400673462 0.00785401941325006 155.735871666667
0.483472894306309 0.0094734412596641 155.752532566667
0.95559279336469 0.00990114916282354 155.769181466667
0.813823330879436 0.0102765075356451 155.785849666667
0.822402230609959 0.0145679265115237 155.802497366667
1.07997632499508 0.0137441956879488 155.819165666667
1.17010288718344 0.0109558497080158 155.835812466667
1.00978710265924 0.0142819246161322 155.852489866667
0.546308126012835 0.0129192464725627 155.869130866667
2.17404261262899 0.0116458712667428 155.885793166667
1.14004762853139 0.0139282473425671 155.902446166667
1.03200031252552 0.0178776098763672 155.919108566667
1.63714449291299 0.0271639531981209 155.935760666667
3.37511729687189 0.0258474615033924 155.952423366667
2.19093041064033 0.0252352021250814 155.969078166667
2.07814941276116 0.0253714462906132 155.985739966667
1.50075723623122 0.0212775468248298 156.002401166667
1.45837180115245 0.0194875958557119 156.019081766667
1.78192732651453 0.0214678233837772 156.035703966667
2.00714836700163 0.0271815970186251 156.052388066667
2.09933930976795 0.0247744640443331 156.069033066667
2.44387025443458 0.0207247875226595 156.085701966667
1.57532207946783 0.0196810795965376 156.102352266667
1.57462429059673 0.0226106206154933 156.119002366667
2.19739287195693 0.0217907401572245 156.135689366667
2.09229806386683 0.0238188187666618 156.152319866667
3.25999648451687 0.0234266769123811 156.168975766667
1.7016029017765 0.0235082829690238 156.185635466667
1.99025331096503 0.0263356349740165 156.202287066667
1.48868569141379 0.0259770608774333 156.218948266667
3.28191229346216 0.0227576008591159 156.235608866667
2.46030431499064 0.0232989969756115 156.252273866667
1.92222853630959 0.0238905525111066 156.268949166667
2.0828812194569 0.0207315630854371 156.285587766667
1.60933942496198 0.0216672553471325 156.302268666667
2.24685952897051 0.0200888718955606 156.318914966667
2.34516494444795 0.0249997841258668 156.335564366667
2.49503848400491 0.0229305737690049 156.352215966667
2.92039051146015 0.0228089378138276 156.368873066667
3.00880170548169 0.0255630644762958 156.385536066667
2.51463469491605 0.0242201944324852 156.402191366667
2.40101022559379 0.0245889127692487 156.418846166667
2.39998374777948 0.0216847369783412 156.435514966667
1.40578334755867 0.0215922599380607 156.452165666667
-1.05619833736791 0.0229398125548047 156.473051866667
-2.22931058222937 0.0282967722214922 156.485483966667
-2.38953930477581 0.0250755977531801 156.502145766667
-2.29143106108824 0.0272598710903353 156.518793166667
-2.11257834969597 0.0262227779207142 156.535445866667
-2.7604221488185 0.0234036493118984 156.552118266667
-2.51886094639626 0.0240327118367381 156.568762766667
-2.84408399499061 0.0230949227856567 156.585432166667
-2.49762455723898 0.0232801640183877 156.602077866667
-2.72426760606345 0.0230758957595107 156.618744066667
-2.44983487974973 0.0242712418613191 156.635409966667
-2.92547966283443 0.0248976711459565 156.652071166667
-2.36758779233733 0.0242580711567688 156.671585866667
-2.3650245676064 0.0252437591309878 156.685382466667
-2.40739432051677 0.0251644805388637 156.704137966667
-2.25224611263969 0.0235977507395976 156.718679666667
-2.92672480561302 0.0254630366327333 156.735342266667
-3.18316944047435 0.0264074356324987 156.752012366667
-2.55103034838244 0.0251779429591358 156.770663766667
-2.64762459566362 0.0252105581476873 156.785449666667
-2.76734762823368 0.0245617339711572 156.801983666667
-2.73343138055174 0.0236501048173922 156.818646566667
-2.81578759566925 0.0283694805520003 156.835307866667
-3.32131026422144 0.0258564179059252 156.851955866667
-3.07797237220373 0.0254870210863047 156.869937266667
-3.00633332037921 0.0254256492316847 156.885261866667
-3.48266761969369 0.0266801069369638 156.901921266667
-4.50787224993594 0.0297983061658912 156.918586866667
-4.27953919607302 0.0284644824228032 156.935244566667
-4.62186757514234 0.0269895106749733 156.951908766667
-4.48080895590746 0.0310121080249574 156.968563466667
-4.32295755334638 0.0302894037651727 156.985220066667
-4.20283693922142 0.0313444588287999 157.001913766667
-4.50476324761716 0.0268992563191225 157.018538366667
-4.54342812763103 0.0316055030889966 157.035198066667
-4.77346469258461 0.0309962744813101 157.051848766667
-4.55676834544484 0.030390975363119 157.068511166667
-4.90448593790775 0.0271216564156861 157.085172966667
-4.89370429814241 0.0297660798833163 157.101828866667
-4.86674911057139 0.0247350964594709 157.118488366667
-4.72610538464634 0.0305947294847821 157.135139866667
-4.84516657769285 0.0310927167691019 157.151805766667
-4.89131586373168 0.0349061135592314 157.168455266667
-4.99684147725556 0.0268616840357804 157.185120266667
-4.71020103041862 0.0273455626207543 157.201780866667
-4.55743901800947 0.0285027935745568 157.218426866667
-4.6519995362035 0.0271321701172198 157.235083066667
-4.7190506657104 0.028836120553651 157.251750766667
-5.21679948140354 0.0274902305754273 157.268401066667
-4.95872347300313 0.0298102278126103 157.285058766667
-4.93915743921827 0.0250437677682089 157.301726166667
-4.67822025997383 0.0289323102827153 157.318377166667
-4.68914349901589 0.0263330544119662 157.335040366667
-1.69629790560579 0.0334587792352115 157.351698066667
1.15941323733229 0.0348272384772398 157.368356966667
1.170608565825 0.0305101308541567 157.385015566667
1.13115169418589 0.0316789757081671 157.401675566667
0.69479043116761 0.0309377944470786 157.418327066667
1.0972750600941 0.0294344492755224 157.434991866667
0.987974297066336 0.0297875550750148 157.451643966667
1.35567105778698 0.0303811332041325 157.468304266667
0.597886124349734 0.0321854631632496 157.484956366667
0.976955682201519 0.0295169829433423 157.501628166667
1.06059969424228 0.030469007703741 157.518272066667
0.874486792655738 0.027399529253982 157.534925066667
1.09944382725018 0.0251792162828826 157.551589266667
1.25993498118878 0.0289430102387876 157.568265666667
1.44112215830622 0.0290552594208851 157.584902566667
1.27797154308043 0.0274646422135368 157.601553766667
0.941612027189685 0.0276468062723284 157.618230566667
1.11009618316127 0.028337915536998 157.634888566667
1.11992090437967 0.0308117014562357 157.651538366667
1.38212846573927 0.032600326216505 157.668198666667
1.17334941727665 0.0283700811097828 157.684856666667
0.653147011048584 0.0257641497475206 157.702917766667
0.9884612990268 0.0306150713471411 157.718150366667
0.83865170323248 0.0300645238772039 157.734837066667
2.17774074824278 0.0310290102415092 157.751486566667
1.15639230049184 0.0331045618289242 157.768150966667
1.1778669172633 0.0275054195606407 157.784811566667
0.51585106994891 0.0318597392149358 157.801467566667
0.707139719711687 0.0286549625617494 157.818119366667
0.868570465123494 0.0269865816306711 157.834779066667
0.378188010621131 0.0272106678936347 157.851435066667
0.831583567753465 0.0278135613385259 157.868099466667
1.17149132034666 0.0283512731372756 157.884773266667
1.15517349161558 0.027713423885879 157.901411666667
1.41483081846584 0.0265524045829675 157.918067866667
1.16537095137253 0.0255839902226595 157.934728166667
0.994184606992103 0.028472028852489 157.951389666667
0.92438125659551 0.0293605195251469 157.968045366667
0.87454344201497 0.0262849638077786 157.984707466667
0.49655881491991 0.030548356442259 158.001357766667
0.966625995746911 0.0290558479393584 158.018008466667
0.852165031885559 0.0262227244107125 158.034681366667
1.26966952664534 0.0240553850588524 158.056698966667
1.50054589147007 0.0264060498746626 158.067995866667
1.30220885830772 0.0275879525028475 158.089943666667
1.10874202422278 0.0264239037176686 158.101319766667
1.06864364307061 0.0228822199288831 158.117969266667
0.755148542828598 0.0270038713553504 158.134629566667
0.638920025833647 0.024570998956946 158.151276766667
0.447868545529062 0.0285008022671492 158.167942066667
0.560580836078969 0.0280942777854323 158.184590366667
0.687360899336109 0.0296370187123408 158.201255666667
1.11000921768427 0.0287922552468831 158.217905466667
0.736139432414864 0.0290704458156333 158.234572266667
0.445677162087358 0.0290340409217445 158.251224366667
0.283867599217282 0.0307119180089789 158.267890266667
0.388616887987475 0.0282437091279102 158.284554166667
0.979997463362353 0.0261588770008411 158.301197166667
0.96596597015531 0.0275114084353147 158.317851966667
1.18693993824451 0.0243614685598743 158.334510466667
0.958866892825697 0.0232922075908583 158.351200466667
1.04748751187407 0.0261449437566911 158.370287966667
0.484432389407521 0.0284396483883777 158.384511166667
0.693629541198486 0.0249266775961969 158.401139266667
1.20179804027494 0.0251365755464058 158.417812766667
1.18221250039976 0.0253449545007972 158.434464866667
1.05417837000127 0.024177012961165 158.451132566667
0.911613436231468 0.022391413392071 158.467789666667
1.03099614059921 0.0252259159514615 158.484449366667
1.1501321581973 0.0205914811968699 158.501088066667
0.83565850393067 0.0261622812211628 158.519390466667
0.894884492001056 0.0233708542117487 158.534413666667
1.25391350352532 0.0229964480877457 158.551079266667
1.32624428184293 0.0234505078756563 158.567727866667
1.56967253901748 0.0196817577838554 158.584394366667
1.40427358236291 0.0226418872461005 158.601049466667
1.17725771493965 0.0222332355878483 158.617681566667
1.13144064316326 0.0188668310638813 158.634359266667
1.63371315214236 0.0224172161484504 158.651013166667
1.31109180754377 0.0258008606755683 158.667681666667
1.17777682977031 0.0213315111478492 158.684339066667
1.08846658796532 0.019363355732918 158.700990266667
1.12565814182879 0.0246755727112453 158.717650366667
1.41040009975316 0.0200006057748336 158.734309766667
1.16216744994085 0.0211020420032659 158.750971566667
2.23922841378283 0.020215687946788 158.767632766667
4.57838176568175 0.018513223512618 158.784284666667
5.25639908813398 0.0168930142947308 158.800940266667
5.22125499619412 0.024041432888394 158.817605866667
4.54283438538349 0.0243162412607579 158.834259766667
5.365555781153 0.0213562966569293 158.850896366667
5.52103056443087 0.0194768591061976 158.867581366667
5.11709998347445 0.0172980804847397 158.884246966667
5.36663528863436 0.0191044700490217 158.900896966667
5.37890139229889 0.0240541408584526 158.917550866667
4.94894617997744 0.0240255649460951 158.934207066667
5.41074839855321 0.0177684050391594 158.950872466667
5.45621562794329 0.021014683617371 158.967520466667
5.49597376949097 0.019493813172238 158.984185766667
5.48661133305907 0.0185709133008868 159.000841366667
6.40043596688062 0.0226979363276115 159.017500866667
11.7527490075741 0.0218137216351048 159.034150666667
16.5148164614138 0.0335767588214146 159.050816566667
19.4905096402559 0.0398610065803484 159.067470366667
23.9306425158435 0.0199299887688903 159.084136066667
19.9602432913398 0.0270943412329302 159.100783766667
19.9423847782082 0.0357519304999532 159.117443466667
20.5422216414117 0.0276937152434358 159.134097666667
20.5775640604395 0.0285774727055395 159.150760066667
20.5776269948471 0.0174633678573562 159.167415966667
21.5693979733093 0.0188664237157447 159.184079266667
20.960536503486 0.0271179132871021 159.200730766667
21.3799729848669 0.0263816389308014 159.217393766667
21.0585301952145 0.0224776440232579 159.234046466667
21.1707026393006 0.0209201350144863 159.250715566667
21.0321370188069 0.0236682509358536 159.267364466667
21.1275489315456 0.0353859511569396 159.284020166667
21.6026935329032 0.0180995056698715 159.300679266667
21.5262822861637 0.0296761821649705 159.317339066667
22.8662690302177 0.0321802088795961 159.333995266667
21.7216491787281 0.0248975820296761 159.350660266667
21.3883749502153 0.0316085001487076 159.367314466667
21.4076269504082 0.0259571583913919 159.383968966667
21.8212428179741 0.0201697509648726 159.400628666667
21.5185338496043 0.0214195649844242 159.417288466667
22.4661139590573 0.0252551021996021 159.433943466667
22.3368396715574 0.0261951340684817 159.450604366667
22.0555831049361 0.0224420643165127 159.467262666667
18.9740933919226 0.0310868852794172 159.483919466667
15.0781771104385 0.0573681009587643 159.500566066667
10.5588731982106 0.0494909610505453 159.517246066667
7.33621039337518 0.0459936012498637 159.533901966667
3.52648811571369 0.0386729680193724 159.550557866667
1.96269219942634 0.0347317232852319 159.567217966667
2.22135844224218 0.0342985972842829 159.583872966667
1.31722915043123 0.0361326759434055 159.600540666667
0.806553689889168 0.0324239390800406 159.617184266667
0.766632748888292 0.0346251550652073 159.633851066667
0.659098961957583 0.0339088824791287 159.650504666667
0.538715906440867 0.0333941927582552 159.667164666667
0.725296811125962 0.0363749662477191 159.683821166667
0.421334668298235 0.0326684297426728 159.700496466667
0.894713106477625 0.0332024340367023 159.717132766667
1.09376467679624 0.0326112494527534 159.733804266667
0.725530722065674 0.0350866058154441 159.750451366667
0.890795018613355 0.0316700090748073 159.767103466667
0.81290248026169 0.0299560736243621 159.783768266667
0.883512003020857 0.0339515840830941 159.800414766667
0.792029985845475 0.032262732394141 159.817073066667
0.508972592540476 0.0332920275764633 159.833748066667
1.04721371731674 0.0319133500444941 159.850410766667
1.02334042894821 0.0328599537199444 159.867091066667
0.858126433268732 0.0342368093761784 159.883731666667
0.925740253965858 0.0331326931353625 159.900366766667
0.862308804800241 0.0305741608359124 159.917038866667
0.902814283474481 0.029589717237628 159.933681566667
1.15057767644568 0.0300326291642448 159.950346666667
0.755923064373562 0.0344744575587254 159.966999366667
1.02765960752136 0.03510261478311 159.983668166667
1.18401048726787 0.0380211209066687 160.000322366667
1.26814984345804 0.0339855249212588 160.016977966667
0.860520880120977 0.034271089199109 160.034957366667
0.944090033221601 0.0345165667064331 160.050311866667
1.04516945231989 0.0310592936086242 160.066945466667
0.973252397138256 0.0349272447086983 160.083615566667
1.52672486703161 0.0340965617476861 160.100277366667
1.05398015263692 0.0319907064740021 160.116928266667
1.07697152841169 0.0328273876067034 160.133578966667
0.867236916974073 0.0358175465915918 160.150231666667
0.566745009444175 0.0336214383658051 160.166899866667
0.700583629917479 0.0363164397638964 160.183565466667
0.588848404348272 0.0378212613356493 160.200223166667
0.84889284878957 0.0375041429335978 160.216874466667
0.973323326485664 0.0324622540918886 160.233544766667
2.22491535225889 0.0365486796538477 160.250190366667
1.40034010799889 0.0368184714521062 160.266865666667
1.09670766336904 0.0359833524892721 160.283502866667
0.707705438150041 0.0334899598982975 160.300169366667
0.819486131166064 0.035474951510959 160.316821166667
0.816073653020944 0.034592013356941 160.334499966667
-0.218098002339355 0.0323403564479467 160.350116366667
-1.48380395238237 0.0353131542036143 160.367897766667
-1.15848048511449 0.0353309043893838 160.383461066667
-1.14041288471835 0.0348439630602908 160.400122566667
-1.2982766977617 0.0347121595675648 160.416767966667
-1.41826500887727 0.03435924819053 160.433434666667
-1.18539474387226 0.0331813231368498 160.450087666667
-1.16071161051493 0.0338861535024703 160.466747466667
-1.18124460120102 0.0360560451917285 160.483402466667
-1.09251631670132 0.0361355807362948 160.500054966667
-1.08964863566137 0.0332154644723294 160.516716966667
-1.31377703067719 0.0356168010115046 160.535287266667
-1.12141349877359 0.0312016396614904 160.550023066667
-0.21883132527187 0.0278675238536046 160.566706766667
-1.22883963502751 0.0285066402839385 160.583352466667
-1.46566939968577 0.0350731014454145 160.600267366667
-1.43288276239748 0.0303242306490569 160.616666966667
-3.19868247396919 0.0246433417774483 160.633314666667
-6.62070791486461 0.0155349604781252 160.649977366667
-9.37491128356558 0.0155213927379713 160.666641266667
-12.0116060312176 0.0105999011329531 160.683295166667
-11.8198654104643 0.00373423137919165 160.699958666667
-11.8957485896058 0.00946684900392966 160.716613766667
-11.3173511114057 0.0106487000496743 160.733272266667
-12.1452535026401 0.00843003835653087 160.749923566667
-12.2651916409917 0.0119267076244695 160.766589166667
-12.2654641363732 0.00781355098770307 160.783248066667
-11.9880181438808 0.0073526384130504 160.799905966667
-11.7902287007118 0.00655615591031009 160.816565466667
-11.9295302447026 0.0115318058548113 160.833219366667
-12.078846320396 0.0112914027837161 160.849874366667
-11.8158720892401 0.0113968522764317 160.866538566667
-11.8764422811108 0.00742179443755525 160.883190666667
-12.1165036321894 0.00655182877265342 160.899853666667
-12.0993616868322 0.00812756040329228 160.916510766667
-12.1587894765321 0.00427124000965724 160.933169566667
-12.3062608100248 0.00703855981874435 160.949823466667
-13.9315606425821 0.0150333435473884 160.966482966667
-15.4647996542751 0.0276343312580027 160.983140366667
-15.2709990144422 0.0241186937440537 160.999797166667
-15.5330129130375 0.0220965312062352 161.016452466667
-15.8442208799551 0.0173803150114883 161.033122566667
-15.9842445500094 0.0163954540983623 161.049774966667
-15.4547516902237 0.0212391403218922 161.066431766667
-16.0288975354519 0.0180920869695891 161.083095266667
-16.1952231226832 0.0199939859342992 161.099746266667
-15.5689569193736 0.0230030054013525 161.116392766667
-16.3353845481332 0.0197636188385782 161.133053966667
-15.5773156693248 0.022460300322353 161.149708466667
-16.1012154959461 0.0184190605702204 161.166371466667
-15.3688143715028 0.0208047725433848 161.183025366667
-15.5851478862751 0.0225128812647952 161.199686566667
-15.4630914075458 0.0221806580529519 161.216342466667
-15.363315168005 0.0256426678502577 161.233003366667
-12.8899062991361 0.0267059392909043 161.249657266667
-12.339077374577 0.0283154213870695 161.266321466667
-12.0700214296611 0.0288943214235977 161.282973566667
-12.4344222639123 0.0302704929204446 161.299635366667
-12.6226103387738 0.0302236650954822 161.316289566667
-12.262571011758 0.0288011367177243 161.332951566667
-12.3994028506781 0.0319185344791286 161.349610766667
-12.7723824841619 0.0264749311825073 161.366274966667
-11.9875964804129 0.0270672811987109 161.382920866667
-12.0445507855002 0.0299664479272923 161.399595566667
-12.1976299453867 0.0295442231944319 161.416249466667
-12.0267228645591 0.0246869554033284 161.432912166667
-11.9211810235451 0.0270856535354077 161.449561966667
-11.6709233408933 0.0287591346489241 161.466223766667
-12.0610078373513 0.029042218645259 161.482884366667
-12.206478876665 0.027317822919235 161.499538566667
-12.0377290568039 0.0280450287265783 161.516197366667
-7.40629449518931 0.0236974474263272 161.532853066667
-2.77331290492794 0.0315620685281301 161.549518066667
1.0653327421262 0.0308025046339217 161.566181866667
1.28697384138966 0.0319146790922548 161.582826666667
1.35838851686393 0.0298977367566843 161.599492866667
1.40847113502424 0.0325143836583451 161.616142966667
2.21223635376719 0.0318359248518341 161.632807666667
1.80340734162002 0.030474894524512 161.649459266667
1.91789914157913 0.0357332415521692 161.666116666667
1.99296702377829 0.0364999403971534 161.682776366667
2.22575391808743 0.033445438118557 161.699426166667
2.37124357920158 0.0313446765530319 161.716094966667
2.24226720535659 0.0325588567936005 161.732759766667
1.91548753701237 0.0305446709263904 161.749410066667
2.12610783512889 0.0306068512621044 161.766075366667
1.71298413349419 0.0343295640796354 161.782729566667
2.09857421142613 0.032883752189119 161.799383466667
2.23214931429686 0.0364202364173647 161.816046966667
2.49431960064633 0.028979288464579 161.832708266667
2.05184816210079 0.0313484775759219 161.849357166667
1.80983408874663 0.0373624291480043 161.866024766667
1.97584631124793 0.0340229088700672 161.882673366667
2.3295161364578 0.0306607294745636 161.899328166667
2.05124161297846 0.0309491560432264 161.915994366667
2.04449478705083 0.035417984764199 161.932656466667
2.71160491691558 0.0334213757371267 161.949309766667
2.3685968753286 0.0323159481087036 161.965967166667
2.49430575421241 0.0323402465025431 161.982619566667
2.01203398774475 0.0338152543277285 161.999289266667
2.44121634465219 0.0379865048469543 162.015936066667
2.08266818297849 0.0352460384315638 162.032596166667
2.46811273533864 0.0335576989614586 162.049257966667
2.26095462421341 0.0343562456108457 162.065915966667
2.27522399419865 0.0336815442354475 162.082573966667
2.0172640338349 0.0326843312992144 162.099228366667
1.97933966806017 0.0400356714791671 162.115885166667
1.35787521276064 0.037980472026275 162.132555166667
2.10801148860134 0.0304147464516817 162.149190866667
1.87417556568342 0.0318593476384208 162.165857666667
1.82179613585087 0.0362307170231609 162.182527666667
1.78738193081351 0.0304216566946219 162.201096166667
2.15405012939573 0.0338164510891395 162.215826966667
2.93908320270246 0.0354466690694281 162.232497266667
1.80060718864283 0.0348437795208299 162.249157866667
2.3294920755073 0.0277477305718375 162.265795966667
1.75677652316606 0.0303197404527621 162.282476766667
1.84219469839136 0.0341885587931798 162.299131566667
1.93428971990983 0.0346177753316071 162.315778366667
2.14857924758914 0.0337708450278287 162.332442866667
2.36035434397734 0.0295038694936017 162.349102866667
2.14578169736287 0.0289244722274979 162.365752066667
-0.453438160366816 0.0294750108590488 162.382411566667
-2.31414061417696 0.0320815225696801 162.399059866667
-2.5246445890057 0.0332776231368694 162.415717266667
-2.42306457587342 0.029481920298121 162.432377866667
-2.56108303425336 0.03101215820061 162.449036466667
-2.73195653767801 0.029265360102504 162.465692666667
-2.7913631620048 0.0298995748676212 162.482350966667
-2.58104081729272 0.0268680409838912 162.499007466667
-2.75337441719537 0.0263529340220524 162.515665466667
-2.4314671063723 0.0285323855789688 162.532323466667
-2.47892171009747 0.0294044472766323 162.548981966667
-2.55337074841149 0.0339493877310856 162.565642066667
-2.65300279757188 0.0265244178067213 162.582300066667
-2.48492629845154 0.0306136949705795 162.598960366667
-2.86087589458493 0.0271489019298188 162.615614566667
-3.12733717751354 0.0263689532013996 162.632273666667
-3.57136453878311 0.0290511867546041 162.648930166667
-3.53291679938801 0.0281250116849224 162.665593166667
-3.43080027025577 0.0234672936957942 162.682247066667
-3.15456696847953 0.0252589648835426 162.698911766667
-3.06055821499345 0.034144815115545 162.715560666667
-3.10562627703577 0.0321957993460804 162.732224566667
-3.48741661294116 0.0284887271852568 162.748878466667
-2.95606318288081 0.0280296309257697 162.765545166667
-3.08736894604021 0.02842409160132 162.782193266667
-3.25515372659954 0.0252475224763332 162.798856166667
-3.01544562687907 0.0248552837979941 162.815510966667
-3.69330243926111 0.0257323677461391 162.832172766667
-3.18304200194534 0.0264805288601847 162.848828066667
-2.86801313942526 0.0268835156811848 162.865492266667
-3.53544828624646 0.0240924530241973 162.882141166667
-3.11137438739111 0.0313882185597047 162.898807066667
-2.76168516869493 0.028863060642687 162.915461766667
-3.37875777359864 0.0311301068943601 162.932132666667
-3.08268112618456 0.0285937726542805 162.948775166667
-3.19230595173087 0.0288811512548511 162.965434566667
-2.99011243295077 0.0301519098434757 162.982089666667
-2.78753010348696 0.0321009573687797 162.998750566667
-3.19473313181231 0.0307744652440991 163.015404766667
-2.81279228720793 0.0291733811479182 163.032066266667
-2.77792650428698 0.0293653870890795 163.048722766667
-2.50849302210701 0.0304218949611088 163.065381066667
-2.6304631963827 0.0286153821602276 163.082038166667
-3.16019834753105 0.0292673290270334 163.098698766667
-3.01702256578297 0.0273787992447763 163.115354166667
-3.21575640634473 0.0281481711682326 163.132013266667
-2.62618540766215 0.0303933450894891 163.148672466667
-2.61203398122852 0.027094966594885 163.165329566667
-2.40790604413247 0.0225381764252735 163.181988466667
-2.55880923153196 0.0243874582304236 163.198646966667
-2.54867772669621 0.0256962453486528 163.215303766667
-2.73153390800368 0.0271201373056495 163.231964166667
-3.22998953392747 0.0277671637379835 163.248616866667
-3.16663231502934 0.0250004629656805 163.265279566667
-2.95359381283188 0.0275165377869218 163.281936366667
-2.37927129868741 0.029578549048574 163.298593166667
-2.86962184997811 0.0296033336626158 163.315251766667
-2.33345056550694 0.0277564047911245 163.331910566667
-2.46233761313086 0.0273643958687088 163.348568866667
-2.35829442560203 0.0279891859323904 163.366794266667
-2.87901383074165 0.0264609515918781 163.381889866667
-2.38612983005308 0.0285417226998727 163.398542866667
-2.63024984186601 0.0308511809599428 163.415201666667
-2.51059052853282 0.0308620232211649 163.431857966667
-2.96549808456424 0.0285689441960567 163.448514466667
-1.41007424436037 0.0312634884971148 163.465177766667
1.09070162064319 0.0363516233265447 163.481830466667
1.48127268551935 0.0392700590010885 163.498492266667
1.29421613704422 0.0355661347154731 163.515147866667
1.34803265385773 0.0384463234944554 163.531808466667
1.42387620154983 0.0382341977354853 163.548463566667
1.33318466153958 0.0351017638594092 163.565124466667
1.82626395976558 0.035258549048037 163.581776866667
1.59549834946401 0.0383793187424867 163.598443666667
1.76777275118952 0.039636441642181 163.615093766667
1.53423322186334 0.0386100295070134 163.631757266667
1.54239055438571 0.0359157242369041 163.648411166667
1.49979410974321 0.0363319765665704 163.665072666667
1.53877173962863 0.0364338824486825 163.681724766667
1.34829226987781 0.0350632849164283 163.698392766667
1.48901193169426 0.0358182290582179 163.715039866667
1.49857615798252 0.0382139992775116 163.731707266667
1.53942765550622 0.0381688451714954 163.748363166667
1.38303508923668 0.0344862227129228 163.765019966667
0.685795506409243 0.0375802500414787 163.781675366667
1.11123321599644 0.0369316809522515 163.798333066667
0.894279715563519 0.0367801238832624 163.814991066667
0.924502667023772 0.0407271490552888 163.831648766667
1.17004595461147 0.041475219618399 163.848310866667
1.81526987677971 0.0356192131461055 163.864966166667
1.59030456145269 0.036186660613917 163.881623866667
1.63338210022378 0.0356096262800543 163.898280966667
1.42387243281514 0.0348676733731976 163.914938966667
1.21021067831434 0.0341291707059632 163.931597866667
1.4011452672192 0.035223627651527 163.948253766667
1.33655095346714 0.0362776027733797 163.964914366667
1.17231213757141 0.034588961581107 163.981570566667
1.53237502756039 0.0342683815392734 163.998230366667
-0.239620583709297 0.035619140315598 164.014887766667
-1.81887093994627 0.0347613650575671 164.031545166667
-1.44826040536117 0.032300209209222 164.048201366667
-1.7455684785592 0.0341309861926564 164.064862566667
-1.74912629568777 0.0337367403177726 164.081522666667
-1.82048531197183 0.0316062644104475 164.098176566667
-1.77983507114336 0.033189438902278 164.114835366667
-1.35540372935148 0.0345889804444775 164.131493666667
-1.59101820454636 0.0353169390610498 164.148151666667
-1.67880490330338 0.0370869180447348 164.164809666667
-1.8157167006994 0.0369232582626346 164.181468466667
-1.32896790731415 0.0373880647365221 164.198123866667
-1.79303514932965 0.0335036965383171 164.214783266667
-1.93758103590425 0.0360832448236101 164.231481466667
-1.79519249844664 0.0364724113417647 164.248101666667
-1.69030807470423 0.0339361071432816 164.264762566667
-1.75757908012498 0.0338596578499696 164.281414966667
-1.55632133474386 0.0325180670290492 164.298078266667
-1.75126394396064 0.0335459543400059 164.314731766667
-1.20082729554158 0.0335781858198418 164.331395066667
-1.52326956012889 0.0343918263772334 164.348049266667
-1.70705926004816 0.0339315455684129 164.364694066667
-1.93323849956845 0.0359236711508513 164.381362266667
-1.50453714981599 0.0353359284207543 164.398027366667
-1.5034169804478 0.0325016417392178 164.414678566667
-1.63845724451731 0.0310790648284919 164.431341866667
0.151186654845956 0.0292855194130647 164.447995666667
3.34868801361063 0.0338312088360306 164.464671866667
7.03470674622818 0.0416035958424312 164.481311366667
7.45890958127318 0.0439821579184647 164.497978466667
7.15565674899982 0.0381960215535256 164.514626466667
7.6936773559959 0.0393001508215979 164.531283566667
7.03792332864493 0.0365804598147734 164.547942466667
7.40239874051187 0.0366650805252554 164.564600166667
7.3455097446068 0.0372161468280061 164.581258966667
7.27678063553167 0.0367436872268991 164.597917566667
7.0579671799088 0.0348704757996247 164.614579666667
6.90082496798317 0.0310132882275306 164.631233566667
7.88908644877105 0.0395076173527002 164.647891866667
7.56033500576373 0.036807714969304 164.664551566667
7.68663197541639 0.027372707973905 164.681206066667
7.42019723912153 0.0275684044843188 164.697866666667
7.34493646732015 0.0334817670472294 164.714523766667
8.70728895501143 0.0331973486667183 164.731180566667
12.4920273165482 0.0302773424042084 164.747839766667
18.814262524896 0.0330644446208707 164.764497766667
24.1318685082727 0.0327388726305561 164.781155766667
27.7350682331646 0.0321767126129588 164.797814566667
31.7433180498317 0.036720551433667 164.814473466667
33.3124734188304 0.0307035565953909 164.831132966667
34.220651938525 0.0204279405437543 164.847787366667
34.2081638634488 0.0231904105138718 164.864448566667
32.3576257888982 0.0223873545010397 164.881103366667
35.622976562288 0.0350597520776644 164.897764866667
36.5109534882886 0.0404988412825918 164.914422566667
35.6636264826713 0.0362918285224162 164.931079366667
37.940058332445 0.0312034234139648 164.947739166667
34.742286095182 0.022324299244128 164.964396566667
37.4765065549528 0.030234390777954 164.981053366667
40.6094072407831 0.0436228453023836 164.997727466667
43.1592387567336 0.0441615220539625 165.014381966667
44.6458701984442 0.0459311603046586 165.032622566667
44.1554648407698 0.0530796897220035 165.047696466667
44.2796739148878 0.0464285643554036 165.064366166667
44.5552391279312 0.0423836288665239 165.081022366667
44.7848764316393 0.0401629512945589 165.097681866667
44.2097896465305 0.0387461523152589 165.114330166667
44.745968358648 0.0373786501722092 165.131003966667
45.085050350259 0.0483557850181065 165.147656666667
45.1541089300822 0.0409428663651021 165.164314066667
45.1305340131405 0.0406119338305479 165.180971166667
44.8959928312171 0.0454490842448912 165.197631166667
44.9521737119028 0.0432272320080267 165.214283066667
45.0270076162207 0.0428515218264787 165.230953966667
45.0580761446996 0.0406799364628659 165.247611866667
44.5330007868376 0.0405180684412595 165.264276066667
44.7398491066236 0.0465772709828809 165.280917366667
44.4651213934301 0.0518170348923867 165.297573266667
44.4501101625275 0.0448032115630468 165.314231866667
43.3624024492483 0.044485580188701 165.330891266667
39.6994217482012 0.0416748512129716 165.347544266667
30.8753471022634 0.0381681728072961 165.364206366667
30.9613493424734 0.0436120290182564 165.380867266667
30.2604561743885 0.0413622598058341 165.397520566667
27.5658732626503 0.0435389714260597 165.414183266667
30.9306762400176 0.0330504012021644 165.430848566667
30.5532694819775 0.0341664781203604 165.447496066667
30.5049454423643 0.0424727939010152 165.464161066667
30.0243324046208 0.0425616881962832 165.480826066667
30.1570035651429 0.0443129804147342 165.497476166667
28.8360810255135 0.0400029516088387 165.514135266667
27.0808255692504 0.0392514200622068 165.531718166667
21.1618621135222 0.0329002773447729 165.547448966667
15.682830099788 0.03361862684099 165.564107766667
9.32637427158797 0.0205516713543103 165.580760166667
4.38543124985056 0.0297269956948261 165.597410266667
2.20403536182067 0.0265559168674249 165.614067966667
1.92249670328621 0.0245597045986527 165.630725366667
2.12349502214092 0.0263985151794758 165.647390666667
1.46056141936966 0.0290907647165908 165.664054266667
2.24495393205847 0.0307866096402816 165.680698166667
1.76735120236959 0.0242024140337285 165.697357866667
1.61900764558467 0.0285224848891669 165.714014766667
1.83564460663864 0.0243211461027071 165.730676766667
1.67771325630396 0.0245021442053774 165.747337166667
1.79210118431836 0.0286275061883315 165.763996866667
1.62197336919787 0.0240652098425732 165.780645766667
2.12219875423037 0.0269515489049634 165.797307266667
2.35649967681924 0.0231145055975542 165.813960566667
1.59852594253938 0.0238360243092935 165.830637366667
1.75660269861125 0.0236630525120232 165.847290966667
1.680676549412 0.0246601594440575 165.863969466667
1.54282610511958 0.0264889792959237 165.880575766667
1.68223563424557 0.0265452863124652 165.897264566667
1.5385696987608 0.0266605725627854 165.913923166667
1.06086622363925 0.0285472310810623 165.930589366667
1.54743225495829 0.0277021220063522 165.947237966667
2.04651667377839 0.0283561542912546 165.963905666667
2.21794279020413 0.0245729169317632 165.980562466667
2.21526766419432 0.0243573573717361 165.997197866667
2.58522193807669 0.023430919426386 166.013871966667
2.29572081348165 0.0248821808268085 166.032836866667
2.05021744181926 0.0278904996071322 166.047378566667
2.05460182550512 0.02608157960219 166.063834466667
2.08162609863765 0.0248931131449166 166.080505366667
1.61112268714952 0.0276910157717223 166.097158966667
1.90850110455085 0.0251695678978819 166.113802866667
2.1897080388753 0.0228492442479552 166.130470566667
2.60486854093237 0.0227799324667311 166.147135866667
2.35033870181353 0.0271318536616812 166.163787366667
2.35353768864244 0.0220337646640837 166.180443866667
2.805698985586 0.0222678276227374 166.197101566667
2.1873086492392 0.0249989904336754 166.213753466667
2.34310219099759 0.0272804152854217 166.230430766667
1.85125260488246 0.0263571140831619 166.247077066667
1.71982794886183 0.0293584669443047 166.263732966667
1.77231695344991 0.0289211742824788 166.280395966667
2.16385787039604 0.0277104510964828 166.297054766667
2.22210430430377 0.0258813975127504 166.313701666667
3.31351179676434 0.0375953847443246 166.330363166667
3.45923490475962 0.0370013722588353 166.347026466667
3.40028046705641 0.031449691541564 166.363681466667
3.18229009764202 0.0351711342798501 166.380335966667
2.92173892313937 0.0346100916164977 166.396975466667
3.00290955395226 0.0378622729216223 166.413651866667
2.91863801333649 0.0362911073429793 166.430309066667
3.50722311184668 0.0321691204571136 166.446976966667
3.40868403725897 0.0348175590135245 166.463632866667
3.52348953781329 0.0405062006712841 166.480284766667
3.36891045756882 0.035389505830544 166.496941266667
3.35829951122886 0.038369637509821 166.513601566667
3.20994919376237 0.0388123788431317 166.530267166667
3.01015321414861 0.038588592591045 166.546914066667
3.21365368476554 0.0368815509615984 166.563586666667
3.13418516032507 0.0347968821578592 166.580236766667
3.05837493180918 0.0361052262971443 166.596924366667
3.49680540882793 0.0344024785431465 166.613551266667
3.1473622676166 0.0338054438389902 166.630215666667
3.17640531514485 0.0356122862740965 166.646868466667
3.52910795217337 0.0357786577514049 166.663531066667
3.24207297565577 0.0361340606297424 166.680183466667
3.02784190763707 0.038095738199321 166.696820366667
3.15030718351076 0.0368445941566854 166.713497466667
3.16299910998529 0.0423396774722346 166.730157766667
3.23591782800976 0.0390071417358606 166.746813066667
2.8617067206109 0.0365702980388536 166.763479266667
2.67428441396839 0.0376052610381759 166.780134966667
2.79542331838112 0.0367834372283294 166.796812866667
2.53965037651687 0.0329989599585074 166.813437766667
1.5956010156885 0.0278368317505536 166.830117666667
1.018860172489 0.0317126476859094 166.846762166667
0.575664951148062 0.0316529021736082 166.863423966667
0.66480230836452 0.0307688082899539 166.880076666667
0.728633531758081 0.0298552003643165 166.896739366667
0.452243636248884 0.0288319637530338 166.913390666667
0.33133251613511 0.0300717517507344 166.930057166667
0.512051804152109 0.0299494817729661 166.946681066667
0.559372173504762 0.0290866970483596 166.963371666667
0.942853645239985 0.0274374811812836 166.980027566667
0.49223281267523 0.0302579160261731 166.996691666667
0.430933755013256 0.0320021833147487 167.013348566667
0.615279358804865 0.0334317666687276 167.030009766667
0.783758189817178 0.0321430095873508 167.046653366667
0.858700402334506 0.0321138713777719 167.063309866667
0.786700874893938 0.0313799301095596 167.079972566667
0.699794264105416 0.0289114323563801 167.096635266667
0.768512359348049 0.0314018376744612 167.113293266667
0.545829499203725 0.0239691492517112 167.129957066667
0.326488179951066 0.00931075393046478 167.146604166667
-0.415702341332757 -0.0425052100095948 167.163241366667
0.554506008102931 -0.0820819712734238 167.179920166667
-0.0159174456572115 -0.0972051596588616 167.197917666667
-0.102226078191319 -0.09197457427909 167.213241766667
-0.216248423518955 -0.0942135278468847 167.229904666667
-0.0989918600732462 -0.0904683835501393 167.246557366667
-0.396635650351629 -0.0962968608713722 167.263214266667
-0.447288939527375 -0.0953680338646608 167.279857866667
-0.192648728581575 -0.0936707747241978 167.296526666667
-0.3033457769849 -0.103244974224158 167.313184666667
-0.379319618947778 -0.0965149945996065 167.329841166667
-0.537728903241403 -0.104895051056612 167.346509766667
-0.47357022286708 -0.102010726358781 167.363163866667
-1.03165930506806 -0.115053550380693 167.379822466667
-0.864969423264931 -0.102335750088906 167.396485466667
-0.701682418395915 -0.113024628801682 167.413137866667
-0.967499527437388 -0.115722465463505 167.429795266667
-1.15734548409865 -0.116341417066578 167.446447666667
-1.1221885194924 -0.104802617916107 167.463112066667
-0.718570132560367 -0.106375436323812 167.479767766667
-0.992521922154304 -0.115778319702031 167.496431266667
-1.00102805310888 -0.118081275749569 167.513084566667
-0.908858725772612 -0.106462480655504 167.529734366667
-1.066675299169 -0.115434560861188 167.546393266667
-0.466017267128046 -0.10976666912888 167.563060066667
-1.26676468993136 -0.114474423739201 167.579711866667
-1.14077358990225 -0.116903150388327 167.596373666667
-1.07050347708046 -0.119467682225367 167.613028466667
-1.18317469632649 -0.11842193088794 167.629684966667
-1.16918524887058 -0.121593881417857 167.646347666667
-1.23436688421667 -0.123445334416947 167.663000366667
-1.1235394038374 -0.11786715939624 167.679662966667
-0.628848697321847 -0.113756052153982 167.696313666667
0.77173705662642 -0.0410007420725938 167.712985766667
2.29829349400389 0.0140813590461496 167.729645766667
2.61215283526107 0.0361515526114628 167.746301366667
3.16036790432819 0.0313885695375088 167.762960266667
3.13657632148206 0.0289715131295775 167.779610366667
3.20582734137102 0.0290450190805014 167.796269166667
3.18023850438553 0.0293391667006379 167.812931266667
2.97866262733863 0.0289553465962904 167.829585766667
3.24596298525084 0.0323597190156721 167.846242266667
3.51701919756847 0.0315309330764418 167.863366866667
3.18436546234024 0.0309248323077378 167.879564466667
3.40001724885889 0.0297277972437273 167.896220366667
3.53349545358906 0.0297503297510806 167.912896266667
3.33854325161916 0.0306878239819828 167.929540766667
3.3360007590646 0.0277771810396361 167.946189366667
3.43969226708852 0.0319823976721194 167.962846166667
3.3931854270727 0.0350939566757167 167.979506766667
3.58739423706527 0.0354083609931608 167.996168866667
3.62224622638552 0.0297068321792786 168.012825066667
3.77564269467415 0.0305447342882946 168.029485166667
3.63688495995541 0.0269081089136246 168.046139566667
3.35643173113229 0.0329998926486432 168.062806066667
3.69316724098306 0.0286744386157427 168.079452366667
3.61442099539956 0.0316091648541364 168.096127366667
3.59234366291755 0.0319575727349092 168.112776566667
3.59521380498706 0.0286076705184642 168.129440966667
3.60287866106715 0.0308602367330371 168.146085466667
3.62137489109006 0.0340713341273357 168.162749066667
3.75055390997846 0.0361072601578076 168.179400866667
3.60839805010611 0.0361748848264074 168.196068466667
3.40092518287724 0.0324580828195612 168.212722966667
3.46255964149313 0.031773287643407 168.229351666667
3.81005022373773 0.0284224751264876 168.246032166667
3.44417686120093 0.028052851106616 168.262698966667
3.44411102751812 0.0292014428629691 168.279351966667
3.32219473318854 0.0282877866325328 168.296010566667
2.90970176941189 0.0263321509079396 168.312667066667
1.68607738814748 0.0177039238337114 168.329318366667
1.40073737813196 0.0177115062457658 168.345980966667
1.78962881729363 0.0223149330177418 168.362653066667
1.61001728436348 0.0208825787698049 168.379305166667
1.58507880552897 0.0261595463500022 168.396595366667
1.56899848396949 0.0200458537579737 168.412615566667
1.91096828410836 0.0217978739248575 168.429273566667
1.77808900036856 0.0185541962892126 168.445964966667
1.6725232233956 0.0208772821969998 168.462594266667
1.28109308970501 0.0227209597143507 168.479253366667
1.36322407613034 0.0193461235951287 168.495903466667
1.24752793569649 0.0223579881661527 168.512571766667
1.85852971420656 0.0222722369622722 168.529217366667
1.06798586265415 0.0199135845052739 168.545890666667
1.19408206095462 0.0197363405336291 168.562544766667
1.15903493204055 0.0204540130992367 168.579187866667
0.99462096899265 0.0203507435197442 168.595855766667
1.03053044224828 0.0217285896546398 168.612513766667
1.33301123093076 0.0192743058898125 168.629163566667
1.70367988492394 0.0184514214639067 168.645828866667
1.63091912765293 0.0209240737974865 168.662495666667
1.23959997749668 0.0213328050442195 168.679145166667
1.19363657695767 0.0246388277833488 168.695797566667
1.26178783784401 0.0199466932709467 168.712466366667
1.69867340825904 0.017971534861479 168.729123466667
1.47648162824165 0.0207290096513819 168.745774766667
1.52435168120035 0.0199534913722088 168.762441866667
1.53497028609091 0.0191443534164583 168.779098666667
1.54856455604109 0.0186816886496428 168.795753666667
0.99364228847026 0.0203626279750662 168.812406366667
1.1891883141628 0.019846151235531 168.829070266667
1.02441310646499 0.0226544721954414 168.845721766667
0.984650746337272 0.0207157126646693 168.862373266667
1.04565514352551 0.0201837533619153 168.879045666667
0.959031663084732 0.018892823166802 168.895701566667
1.2826364431157 0.0221941616663416 168.912363966667
1.53934227800941 0.0185098177689941 168.929018166667
1.00394524078311 0.0176827656400332 168.945669666667
0.695438119263716 0.0155093739635817 168.962349066667
1.08612523876313 0.0192595201701494 168.978985666667
0.894690131535624 0.0190110352438242 168.995649266667
-0.0944131416007584 0.0159229754168084 169.012304566667
-2.30298489360866 0.0216404585325056 169.028973466667
-3.81334524710325 0.024011572468376 169.045608866667
-4.47307674063009 0.0230944156137593 169.062286466667
-4.37816809499954 0.0206351924483338 169.078941766667
-4.17077161251508 0.017793522170811 169.095587766667
-4.27684630341565 0.0219385565792494 169.112246966667
-4.1808187545555 0.0192245632648952 169.128932766667
-4.47937614617981 0.021683873750098 169.145577866667
-4.60491208399558 0.0202246580306122 169.162219466667
-4.70075266526875 0.0198899526419707 169.178890566667
-4.36039016004742 0.0233735991305505 169.195533666667
-4.64485348130845 0.0167424353906196 169.212201266667
-4.43747213843453 0.0218795939908452 169.228864566667
-4.68262941102571 0.0181230676045512 169.245518166667
-4.77905402723604 0.0194416718800599 169.262185266667
-4.71143270359578 0.0155911613784974 169.278826466667
-4.56043258555974 0.0180181871602618 169.295496766667
-4.76281563074921 0.0186499257850175 169.312156566667
-4.46499607608757 0.0223745033529418 169.328814566667
-5.05639359985461 0.0201860860273752 169.345466066667
-5.0543871428947 0.0178493085719037 169.364293766667
-4.90337671123844 0.0180069394219408 169.378788766667
-4.85992550171639 0.0162464198017865 169.395428566667
-4.90963094269083 0.0168798814098034 169.412098266667
-5.12382469257175 0.0216450293916821 169.428761266667
-4.67032534227167 0.0201354862094171 169.445409266667
-4.77244232640881 0.0181574146777341 169.462074866667
-4.75167423631946 0.0168673535216998 169.478727866667
-1.93258905687771 0.0275567967909236 169.495363566667
0.880869071240679 0.0293299140976415 169.512049166667
1.75002203827573 0.0315678778389388 169.528709766667
1.27508873546027 0.0290724571488542 169.545358366667
1.41255427629171 0.0313171262776563 169.562017266667
1.7456235171181 0.0342720184328876 169.578680566667
1.69858550719572 0.0343185101434605 169.595342666667
1.79974999634055 0.0328188973599259 169.611992666667
2.02415397099009 0.0307508554500765 169.628658566667
2.38520981638728 0.031220503673263 169.645312466667
1.71404725424051 0.0304730498752421 169.661980166667
1.69372750096371 0.0303866736291765 169.678625266667
1.60051578108589 0.0313868072789553 169.695289066667
1.59449578841485 0.0301875901361879 169.711940066667
1.66953285448183 0.0312962759397818 169.728604166667
1.82044402439117 0.032498190656344 169.745259766667
1.89024859880955 0.0303183211396736 169.761918666667
1.63465879601519 0.0274987293199159 169.778572866667
1.62294368137323 0.0301795989782248 169.795237266667
1.91202870261218 0.0261045621218736 169.811884666667
1.89782521864133 0.0319530606949496 169.828548866667
2.22732256745536 0.0323224184173611 169.845202466667
2.20683606304099 0.0281269524806665 169.861863066667
4.65476833315557 0.0326042890827699 169.878519866667
8.82325400241232 0.0346229465290496 169.895172266667
10.7281232918401 0.0279895498336725 169.911833766667
10.5189332710018 0.0265741166153124 169.928517266667
10.1774618569061 0.0296569606599416 169.945150666667
10.9337961702825 0.0306049229082215 169.961809566667
10.688407574166 0.0232111183607401 169.978469866667
10.2727988695886 0.0225796974982918 169.995131066667
11.3718790709194 0.0237403865242551 170.011789066667
10.6566717449232 0.0165341611755378 170.028618266667
10.8049127737427 0.0235040668211622 170.045096866667
11.158893882092 0.026391441069088 170.061758666667
10.9317611371145 0.0223888961256751 170.078413066667
10.277656102252 0.0342054841968855 170.095073666667
11.2543282875302 0.0278902286529866 170.111737566667
10.1832333448707 0.0209706978577768 170.128377666667
10.8104777970969 0.0268484065267684 170.145047066667
10.0201688792857 0.0241602969328717 170.161704166667
10.6811942076894 0.0276201467889754 170.178360466667
10.5769746935584 0.0268680594923205 170.195021066667
10.3875264741444 0.0201246961570922 170.211675466667
9.94795829011594 0.0233471185783478 170.228334966667
9.72285743336246 0.0234599293816124 170.244994966667
10.0400143646159 0.0275040224364679 170.261657666667
10.0628272901957 0.0258786802681572 170.278308066667
9.76440021210187 0.0243489234174612 170.294967766667
10.0257371184059 0.0199474168356809 170.311625766667
10.1192817177177 0.0181166115383792 170.328283466667
9.41486689571182 0.0214027407793635 170.344944366667
9.63325804206441 0.019451687217279 170.361602666667
9.6815222966414 0.0199097949183821 170.378275366667
9.06282054232462 0.0219036698869054 170.394923066667
8.67778766710556 0.0154934789189569 170.411581866667
8.18105379953669 0.0156896596244376 170.428235166667
8.03777185213631 0.0272460175553437 170.444891166667
7.31969955651333 0.024397668484645 170.461552966667
7.85595338197373 0.0254196908657551 170.478208266667
7.51599039056291 0.02495200982628 170.494868666667
7.75929226152622 0.0261923864203345 170.511529866667
6.84592870594427 0.0233763268570052 170.528752066667
7.08737557023717 0.0227199904958337 170.544836666667
6.54930668651306 0.0210586053274588 170.561499966667
7.29841141190849 0.0270159340491701 170.578161466667
7.12485331951996 0.0238253594638483 170.594822366667
7.59768088253327 0.0294990139379343 170.611471566667
7.27155821498971 0.0240310780184801 170.628140466667
7.30075535209631 0.0211200496394946 170.644784066667
7.25301706033107 0.024880220072083 170.661462566667
6.72820074216019 0.021916001852914 170.678105266667
6.78551124302564 0.0244710781403917 170.694766266667
6.85873902816763 0.0303368659669524 170.711418666667
6.67151243878487 0.0199429659390639 170.728076366667
6.73948061365231 0.0223628781843254 170.744733766667
7.53948139896586 0.0205873680791458 170.761391466667
7.79158781191946 0.021519440823528 170.778050266667
7.70793212304695 0.0232287022056874 170.794708266667
7.85462773172046 0.0292314093616406 170.811372466667
6.96078300081138 0.0261488532594664 170.828028966667
7.37745835005799 0.0225074243998347 170.844681666667
7.38516453624558 0.0310455555948117 170.861338466667
8.24095162888803 0.0236607871267398 170.878008166667
8.34087805198004 0.0237547569743928 170.894659966667
8.08688717623789 0.021526327659607 170.911314166667
7.94970460392221 0.0211902021318847 170.927976866667
8.36162554719755 0.0188799245809474 170.944630466667
8.00958369638021 0.0216016307004297 170.961287266667
8.16605449079409 0.0246604904945969 170.977944666667
7.74525183541972 0.0227379689209917 170.994605266667
7.89579469035607 0.0217254999770619 171.011265066667
7.87410199185434 0.0197711437337682 171.027910366667
8.32177247379675 0.0226667463536675 171.044577466667
8.15580246319315 0.0199042489740381 171.061235466667
8.13028792988802 0.0225698756170407 171.077898166667
8.54728324887134 0.022441218399656 171.094558166667
8.41531080334955 0.0208099957587579 171.111212966667
7.28059132446679 0.0213108083477898 171.127876266667
4.29957947939449 0.0156033723194279 171.144525066667
2.45191348188364 0.0154338103371821 171.161190766667
2.77929031691555 0.0144521021854678 171.177849566667
2.91490193288096 0.0172479513939626 171.194510466667
2.60816466822173 0.0187623744669632 171.211164666667
2.70413988775145 0.010043365958271 171.227832366667
3.13692388350595 0.0119068600413742 171.244495366667
2.35978170752234 0.0102859849873603 171.261170266667
2.51627739478069 0.0104174681528837 171.277794866667
2.42670128294929 0.0137111548118999 171.294456666667
2.34595851444907 0.0145873191924345 171.311122266667
2.12878377098026 0.00914533294626709 171.327777366667
2.48629462344377 0.00996074913452746 171.344440566667
2.52738380432628 0.00904774515728589 171.361091566667
2.33121131387777 0.0119866158314576 171.377752466667
2.26642198762061 0.00980273893289356 171.394409266667
2.27807929518181 0.0117261378778299 171.411066966667
2.27503545881766 0.0121415454117282 171.427730566667
2.17449858668563 0.0131182821524834 171.444377966667
2.62397943622375 0.0138631899406784 171.461051766667
2.08903683735467 0.0121238738227044 171.477697166667
-0.468081779720379 0.0188536529911443 171.494352766667
-2.16468724533801 0.0263150597930315 171.511004666667
-2.15638965153337 0.0210389748663715 171.527667866667
-2.36274137671418 0.0246101934062716 171.544329066667
-2.69292937110343 0.0299879799313776 171.560986466667
-2.52673126181075 0.0289329739351433 171.577650066667
-2.33569459148268 0.0240831094485762 171.594308366667
-2.16485209222577 0.0223283819653724 171.610973066667
-2.28711508276298 0.0216300479145811 171.627623766667
-2.4289152676976 0.0210585247420339 171.644279366667
-2.90157141850645 0.0202266188634673 171.660933566667
-2.60788943670592 0.0247136665761659 171.677586866667
-2.40248106450412 0.0235204292888655 171.695132166667
-2.59453937516773 0.0213256302757285 171.710894866667
-2.58682255603864 0.02531076662786 171.727575766667
-2.4968512606221 0.0239051396497363 171.744244566667
-2.51197128842858 0.0240784013588214 171.760882966667
-2.59766689537675 0.0205854695039911 171.777544166667
-2.75830434996385 0.0208596175286692 171.794189566667
-3.04301475181513 0.0198981934920487 171.810860366667
-2.80977596117579 0.0234371837328406 171.827502566667
-2.57266200122293 0.0157907423677275 171.849213166667
-2.66103694996137 0.0180872136442862 171.860832366667
-2.83691704592955 0.0162527150227865 171.882059066667
-2.94929845440956 0.0193708512054849 171.894184966667
-2.93752696138089 0.0182841571576301 171.910813566667
-0.416193039941204 0.0195905608230973 171.927467166667
4.65775826725182 0.0211312010487533 171.944134566667
8.68637880450365 0.0161602105096457 171.960785566667
9.18676198074386 0.0153583818844767 171.977452266667
9.99608057550447 0.00833411271463044 171.994102666667
9.95109738013448 0.0128359795117742 172.010762166667
9.75702494390552 0.00851635286008013 172.027408666667
9.76883045077427 0.0118441819777674 172.044076666667
10.4380276622035 0.00874864169973915 172.060726966667
10.0906847190263 0.00616962368261865 172.077382366667
10.0966539573877 0.00888546332016252 172.094064366667
10.4128636986308 0.00663304316109559 172.110706766667
10.3700567835402 0.0191274257873093 172.127358966667
10.2102205852143 0.00724080680038387 172.144035666667
9.99813763112678 0.00539586321739376 172.160678166667
10.2639296214145 0.010125211008755 172.180081766667
10.6169889758122 0.0148715704430257 172.194049266667
10.9883305565248 0.0154124495460893 172.210677266667
10.8230243233025 0.0121691382517746 172.227324466667
10.8385834223916 0.0177347165626849 172.243978666667
11.3703038031646 0.0146950944365974 172.260630166667
10.6480832019936 0.00557386042021264 172.277311266667
10.7342230134284 0.00651607100505817 172.293948466667
10.1182816752489 0.010562800627335 172.310603566667
10.3914885957831 0.00588681252972667 172.327258566667
8.63376169213933 0.00504284362501433 172.343918666667
5.93596651232084 -0.00342997866550068 172.360568966667
4.0740563897613 -0.00138609704849806 172.377230466667
4.28653692799386 -0.00632797156267729 172.393891166667
4.14432154215335 -0.00787649463104663 172.410534166667
4.08434811984692 -0.00949699201971596 172.427200066667
3.80670685405699 -0.00817688017113503 172.443862166667
3.47401685722156 -0.00763975329006316 172.460516066667
3.46158017918606 -0.00805274231945194 172.477188966667
4.16397667942554 -0.0100047682719323 172.493833166667
3.41342601506746 -0.00694857827869945 172.510496466667
3.50677646478258 -0.00685577768576398 172.527161766667
2.9679729140857 -0.00767057369892757 172.543810366667
3.41579667576184 -0.0125443136948638 172.560463666667
3.1650458899347 -0.010237936303949 172.577122766667
3.38121253143676 -0.0102927175941567 172.593776966667
3.26863561193895 -0.00921535833107109 172.610436766667
3.47755004888035 -0.0102940010684151 172.627091166667
4.00186235294239 -0.0151215913871473 172.643743366667
4.11081588014887 -0.0169346765879852 172.660411266667
3.84771244402614 -0.0109101556875263 172.677071566667
3.50099754824735 -0.0120766866525028 172.693929566667
3.4402849400313 0.0239414831959323 172.710386166667
3.41772435302342 0.0205941359982901 172.727047966667
3.40849725036741 0.0196377316687408 172.743705066667
3.22976498358495 0.0184076116671991 172.760357766667
3.27112372190191 0.0183199914674276 172.777025666667
3.19038391327027 0.0196104703462666 172.793671366667
2.93176395327752 0.0211331709211612 172.810334066667
3.02508321648303 0.0222945048458087 172.826985866667
2.9469364867671 0.0222793272713599 172.843651166667
3.01223491075252 0.0227049459502406 172.860301566667
2.74880940604352 0.0212389232221236 172.876965366667
2.8158993339045 0.0229535577687909 172.893618066667
2.64018171742772 0.0202129808975695 172.910287566667
2.20076468702376 0.0219204866238997 172.926936166667
2.29602985216603 0.0223540443719002 172.943614366667
2.65409479395218 0.0226238991368314 172.960268866667
2.85268985671153 0.0211604520578781 172.976924766667
2.58305385054466 0.0249515856969267 172.993572466667
2.40530911313149 0.0224936753245938 173.010235166667
2.08655637879289 0.0205343917456603 173.026886366667
2.10691179714521 0.0208750258388753 173.043549966667
1.38825200359598 0.0241028102402932 173.060214966667
1.43987039508075 0.0224948102100619 173.076860666667
1.36493146914896 0.0204457025993382 173.093522766667
0.93045086369057 0.0246247630143988 173.110182166667
1.40509645257021 0.0213522295085809 173.126847266667
1.56740630855392 0.0215356545425296 173.143499066667
1.16092787612705 0.027015876631984 173.160162566667
1.13213291080429 0.0283551022889375 173.176816766667
1.14943341632312 0.0224859801274888 173.193470966667
1.24485109663613 0.023206797974702 173.210129566667
0.557789043300275 0.0219975268994175 173.226786966667
0.996937604337889 0.0216436825152394 173.243451066667
0.171744130299022 0.0169672066994618 173.260111366667
0.29329568682626 0.0204553606086969 173.276766166667
0.197446281765046 0.0211763682319856 173.293420666667
0.247331467929611 0.0179930588227642 173.310086266667
0.0132665971080287 0.018322064925442 173.326718466667
0.183407784015883 0.0197317321352156 173.343372566667
0.367095359582883 0.0187332509370227 173.361169566667
0.503543603913297 0.0115112804673049 173.376706166667
0.000755593129434623 0.00703776676843223 173.393379666667
-0.323162247396032 -0.00230682720407973 173.410024166667
-0.0856263967523765 0.00753646493899614 173.426686566667
-0.0218510790642621 0.00265774685713743 173.443335166667
-0.059264604395534 0.00847462374788888 173.459992266667
0.326225709289944 0.0052733500791325 173.476653466667
0.617220243321889 0.0116471984737569 173.493308566667
0.404709638049005 0.00271410452374313 173.509968266667
-0.368642913924782 0.00873709264493424 173.526627166667
-1.11599561248906 0.0192368574402965 173.543284566667
-1.27895686928015 0.0283734516987623 173.559945466667
-0.849169108087387 0.0257251197718593 173.576600566667
-1.24809553715581 0.0274738485072543 173.593262966667
-1.37411414383539 0.0238532344878176 173.609925566667
-1.34832013828955 0.0220682681707763 173.626587666667
-1.08241641490446 0.0227090155082878 173.643240366667
-1.14342555056492 0.0218393601348477 173.664370966667
-1.97045963978033 0.0226345679808864 173.676912666667
-1.61209080498683 0.0207131560057872 173.697609766667
-1.89762296159014 0.0218582577818246 173.709867366667
-1.35155661170933 0.0262118860883571 173.730648066667
-2.05137833401865 0.0225656366321263 173.743291566667
-2.11575796922716 0.0312172514205199 173.759834266667
-2.0783170993239 0.0196541379327077 173.776499566667
-1.90372325439279 0.0240656950252114 173.793147666667
-2.56796055386796 0.0209049397147653 173.809814966667
-2.27074606909013 0.0226809030453436 173.826464466667
-2.06496345239794 0.0308997726533771 173.843139166667
-2.40659240063671 0.0255805856461002 173.860492166667
-2.74189368387368 0.0295660790745568 173.876441366667
-2.54186210271988 0.0268729942084262 173.893109066667
-1.99760787006464 0.0296596092497703 173.909763466667
-2.57590128889681 0.0242696679001772 173.926412966667
-3.83847326756216 0.0227225581482443 173.943073066667
-3.80116345829701 0.019431711855512 173.959732166667
-2.80445436040573 0.0234205970084472 173.976390166667
-3.5487759866392 0.0230420208923452 173.993073366667
-3.72741269520496 0.0229753995356765 174.009705266667
-4.11611234616957 0.0210984909562916 174.026384966667
-4.20890630844487 0.0167548463453013 174.043020066667
-4.59233318039856 0.0223860321987071 174.059689166667
-3.64154663310632 0.0177914079221285 174.076336966667
-3.60899889933636 0.0202689632180057 174.093005466667
-4.49728287266234 0.0211973703466968 174.109654066667
-4.47296350529585 0.0132067120639764 174.126322866667
-4.87540642976636 0.0175497369912208 174.142971166667
-4.7537767233185 0.0155016795772968 174.159631866667
-4.42464924816993 0.0193269292877161 174.176286566667
-4.22011490929048 0.0197000392433424 174.192947566667
-4.11208429741137 0.0235666831021384 174.209605766667
-0.978056333863997 0.0191854058642662 174.226271166667
1.56048966692086 0.0236237860688225 174.242919166667
0.571844154295892 0.0263913095614389 174.259581266667
0.969119706083225 0.0362467530558752 174.276234266667
1.16786542286536 0.0266964643483352 174.292896066667
0.924405062782949 0.0219360286389866 174.309557266667
0.752326744297121 0.0250945886608193 174.326224566667
0.614507464995175 0.0293849833816809 174.342875566667
1.47883539369074 0.0269878245427534 174.359529466667
1.20165681527126 0.0209031052368084 174.376189766667
0.616719871705086 0.0223485208399408 174.392853966667
1.15730950725673 0.0308606824883146 174.409503066667
0.633220506847457 0.0263001248223484 174.426192766667
0.910615296114684 0.0248279692136839 174.442812666667
1.38624861225939 0.0235497332609039 174.459491466667
0.876893549598141 0.02568614205757 174.476148266667
0.72693192910067 0.0269563797177183 174.492789766667
1.39080360625505 0.0263319426715342 174.509444866667
1.11400387100146 0.0240953439657368 174.526111666667
0.865216280931797 0.0201345731627214 174.542758166667
0.673189999238057 0.0246504334276742 174.559421166667
0.805885182299323 0.0204691326398081 174.576081166667
0.844836069639943 0.0262978465077966 174.592738366667
0.718655706061161 0.0256821746566634 174.609403066667
0.573064752611052 0.0225737291945909 174.626048766667
-2.20305313737276 0.0170592804481527 174.642709366667
-7.78314677229635 0.0212989777600682 174.659365866667
-13.7711876960737 0.0258595584366467 174.676025366667
-19.2642844630618 0.0216395833335085 174.692692066667
-23.9630920337195 0.0240837646935427 174.709347166667
-29.8637783907442 0.0341226280786306 174.726001366667
-32.8831313015992 0.0268688229284569 174.742659566667
-36.3357554335348 0.0175919593464777 174.759319966667
-39.5395160653554 0.00892618284309995 174.775972366667
-42.1999634094152 0.00388102613567175 174.792641766667
-42.515896702495 -0.000636889389975085 174.809293366667
-43.1427191619184 0.00315574534784448 174.825957466667
-43.5926164466715 0.00476195870250315 174.842604866667
-43.4213231755315 0.01307946371377 174.859262266667
-42.9425602794077 0.0201069273260858 174.875921466667
-43.3914070047155 0.00542125993528126 174.892583866667
-43.9447427802095 0.0133222374260657 174.909234766667
-44.1496082712301 0.016843851572826 174.925900666667
-44.2500046505359 0.0108363074504373 174.942559866667
-44.2231759243375 0.0106108615132684 174.959213466667
-44.4262325772263 0.0120494120069596 174.975874666667
-44.5294626280495 0.0138833735469097 174.992523266667
-44.7100509198946 0.0164457168678743 175.010518166667
-43.741745687182 0.00953436901060698 175.025853266667
-43.8533134937973 0.0115982423086172 175.042534766667
-43.6213065534441 0.0126736519104194 175.059191566667
-44.2337423660954 0.0140197119102888 175.075813766667
-43.770212479606 0.0118515524796277 175.092493466667
-43.8534215896387 0.0203851430184523 175.109159966667
-40.2262883381105 0.0182047481349748 175.125810566667
-32.6194273074743 0.0336526744028842 175.142463366667
-26.5068785726884 0.0372383164969204 175.159119266667
-20.0806460162404 0.051059745554373 175.175776066667
-15.0581415130102 0.0406204181368547 175.192435566667
-11.3376526231787 0.0315466787507315 175.209092666667
-7.33027989148519 0.0187053611573446 175.225762666667
-3.49298526894217 0.0187533619715375 175.242419766667
-3.3273472944832 0.0182111308590657 175.259059866667
-2.91798470274989 0.0185265858605822 175.275733066667
-2.26507096329553 0.016589929771204 175.292382566667
-2.59295950330731 0.0142507514402766 175.309035866667
-2.60079450436001 0.0173113203107683 175.325698866667
-1.35692839176429 0.0209728025952417 175.342341566667
-1.6628742662984 0.0210482313916374 175.359004566667
-1.24047701613658 0.0219599473790462 175.375668666667
-1.55883634740332 0.0177759261486069 175.392320766667
-2.00008825687154 0.0155380453465248 175.408976166667
-2.61508416801452 0.0120152538626105 175.425638866667
-2.21048197164327 0.00974523960052115 175.442291566667
-1.97363412597263 0.0133884401974432 175.458952166667
-2.17392490338636 0.0216704359814002 175.475609566667
-2.32778434919929 0.0217897808573331 175.492276066667
-2.07249827393458 0.0220781464475718 175.508926666667
-1.84453492295217 0.0147642297600159 175.525586166667
-2.33948414398832 0.0195433795998226 175.545742866667
-2.54479576359764 0.0237265365087841 175.558905966667
-2.58053317074227 0.0192428443616307 175.578448266667
-2.61593109537489 0.0156540483898063 175.592222466667
-1.52275677357288 0.0152408879691721 175.611675366667
0.481286061684672 0.015015777207926 175.625545766667
0.357040111717466 0.0227717573570865 175.642202666667
0.644170742937455 0.0189371443932628 175.658848566667
0.971646453661137 0.0162464016462746 175.675521266667
0.464692781302588 0.019020074424213 175.692173666667
1.45293573957526 0.0229555007480175 175.708840166667
2.01012391012819 0.0206688856484505 175.725486666667
1.45420409737969 0.0138977288960221 175.742150566667
2.12429085038591 0.01654837551093 175.758806466667
1.72172959937306 0.0156129819176694 175.777029766667
1.72475643492301 0.0120026363641658 175.792116866667
3.07409561008891 0.0163544002577781 175.808783666667
8.00420319360358 0.00642787705990343 175.825434066667
15.8221168079014 0.00754190172461237 175.842083166667
21.0407071150391 0.00764828667668352 175.858745866667
26.0564501710178 0.0165846809975437 175.875410966667
32.2905678608653 0.00680655573742125 175.892072766667
37.7209367301918 0.00999545299375533 175.908766766667
41.1085300190663 -0.0134965630153572 175.925378166667
43.2406018211092 0.00715773399728686 175.942042566667
43.4047472551378 0.00403926282036828 175.958695266667
43.5858914485989 -0.00140864712760044 175.975369666667
44.8139713662369 -0.00542083531104937 175.992017166667
45.0394004153824 -0.000689696702528012 176.008670166667
44.900489390315 -0.00970832252788069 176.025323666667
44.4719284715988 0.00676070987415427 176.041990466667
44.9354264755711 0.0155985859570544 176.058642566667
45.186795188351 0.00454670666013119 176.075302366667
45.1069902221919 0.00826907990008076 176.091956566667
44.3682288252084 0.0044949738580441 176.108625066667
44.0997326225281 0.00371859566626633 176.125271966667
44.3441392736609 -0.0017027175519112 176.141938166667
43.5492772924382 0.0123247892047092 176.158590266667
44.1218229163245 0.00873958701175965 176.175253466667
43.5164238759683 0.00273004248126637 176.191903566667
43.6597164861588 0.003023818224546 176.208572166667
43.94915833953 0.00849786177944466 176.225233366667
44.0559687022766 0.0130225829281337 176.241878966667
43.7106507171674 0.00631020713709352 176.258536666667
43.2993177926736 0.00963225834393197 176.275193166667
42.9148028135642 0.00797643445779238 176.291857966667
43.5993600072579 0.00651817013400602 176.308518866667
43.5636051063299 0.0143649541122768 176.325168366667
46.8247989676102 0.0299905668282004 176.341823966667
43.5008459904989 0.0229510370693162 176.358486066667
43.4538149011595 0.0114720227151487 176.375142266667
43.6660744148598 0.0129293912844123 176.391802066667
42.9662754233125 0.0118872359507427 176.408464466667
42.9722816177234 0.0183692440827995 176.425120666667
43.0477428267978 0.0110223102198821 176.441776266667
42.7645807617954 0.0119643632125231 176.458434266667
43.1884749305516 0.000923986566173529 176.475092866667
42.4816478590976 0.00975574839320425 176.491748766667
42.3632241250507 0.0102641132671671 176.508417666667
43.2133104238112 0.0109831381419791 176.525064166667
42.7473965881947 0.0101840790296365 176.541727166667
42.6562974178559 0.0153059427832032 176.558378366667
42.8333004303573 0.0113554363132388 176.575048666667
42.5128778312547 0.0149621941613127 176.591698466667
